10
11
12
13
14
15
17
18
19
20
21
22
25
26
27
10273
41
42
43
45
46
47
48
49
560
51
561
562
54
563
564
565
566
567
568
569
570
571
573
574
575
67
576
577
70
71
578
579
580
582
583
584
585
587
80
588
589
590
591
85
595
597
598
599
91
92
93
94
10910
10960
10961
10963
10964
10965
10966
10994
10996
2292
2299
259
260
261
262
263
264
265
266
267
268
269
270
272
273
274
275
276
277
278
279
280
281
282
283
284
285
286
287
288
806
810
813
814
13900
817
818
821
822
825
826
3900
829
830
3901
3904
833
834
3906
837
20806
838
841
20810
842
20813
20814
845
846
20817
20818
849
850
20821
20822
853
854
20825
20826
857
858
20829
20830
861
862
20833
20834
865
866
20837
20838
869
870
20841
20842
873
10091
20845
20846
877
20849
20850
20853
20854
888
20857
20858
891
20861
20862
20865
20866
900
20869
20870
9092
20873
906
907
20877
910
911
914
915
918
919
3994
924
925
928
929
932
933
936
937
940
941
946
947
950
951
954
955
958
959
964
965
970
971
976
977
982
983
988
989
995
997
20989
