10
11
12
13
14
17
18
19
20
21
22
15
25
26
27
41
42
43
45
46
47
48
49
51
54
67
70
71
80
85
91
92
93
94
259
260
261
262
263
264
265
266
267
268
269
270
272
273
274
275
276
277
278
279
280
281
282
283
284
285
286
287
288
20806
20810
20813
20814
20817
20818
20821
20822
20825
20826
20829
20830
20833
20834
20837
20838
20841
20842
20845
20846
20849
20850
20853
20854
20857
20858
20861
20862
20865
20866
20869
20870
20873
20877
20989
560
561
562
563
564
565
566
567
568
569
570
571
573
574
575
576
577
578
579
580
582
583
584
585
587
588
589
590
591
595
597
598
599
10910
10961
10960
10963
10964
10965
10966
10994
10996
806
810
813
814
817
818
821
822
825
826
829
830
833
834
837
838
841
842
845
846
849
850
853
854
857
858
861
862
865
866
869
870
873
877
900
9092
906
907
910
911
914
915
918
919
924
925
928
929
932
933
936
937
940
941
946
947
950
951
954
955
958
959
964
965
970
971
976
977
982
983
988
989
994
995
997
3900
3901
3904
10091
3994
